date	opening_price	high_price	low_price	trade_price	volume	marketCapitalization
Jan 31, 2022	₩3,149,123.75	₩3,250,670.34	₩3,017,441.05	₩3,242,388.18	₩16,667,297,642,645	₩388,259,755,263,065
Jan 30, 2022	₩3,143,769.91	₩3,183,504.22	₩3,085,318.19	₩3,149,369.54	₩11,494,672,392,035	₩376,007,473,046,674
Jan 29, 2022	₩3,080,890.67	₩3,178,908.14	₩3,057,177.34	₩3,141,979.03	₩13,516,073,127,972	₩375,042,908,381,356
Jan 28, 2022	₩2,914,697.11	₩3,083,537.80	₩2,853,555.11	₩3,081,497.35	₩17,652,288,722,175	₩365,894,201,008,423
Jan 27, 2022	₩2,962,612.24	₩3,020,749.83	₩2,803,105.31	₩2,916,327.21	₩19,364,809,189,952	₩347,220,287,704,616
Jan 26, 2022	₩2,937,609.24	₩3,233,063.52	₩2,905,694.32	₩2,963,623.10	₩25,397,340,543,091	₩352,306,130,861,286
Jan 25, 2022	₩2,918,112.68	₩2,988,611.59	₩2,827,690.32	₩2,938,035.00	₩19,347,049,164,672	₩350,380,013,277,967
Jan 24, 2022	₩3,023,906.62	₩3,025,477.68	₩2,602,731.76	₩2,918,063.50	₩33,651,713,712,502	₩347,153,343,290,603
Jan 23, 2022	₩2,870,498.06	₩3,031,761.81	₩2,840,194.98	₩3,022,890.72	₩19,655,824,391,251	₩360,629,435,507,749
Jan 22, 2022	₩3,054,421.91	₩3,118,943.86	₩2,779,052.90	₩2,868,418.94	₩32,641,094,721,602	₩342,117,173,525,096
Jan 21, 2022	₩3,581,041.11	₩3,617,045.74	₩2,977,699.27	₩3,050,589.25	₩31,954,712,041,102	₩363,773,876,118,199
Jan 20, 2022	₩3,677,956.49	₩3,879,756.51	₩3,578,597.95	₩3,578,850.65	₩12,650,017,723,860	₩425,230,592,471,304
Jan 19, 2022	₩3,774,645.37	₩3,780,096.89	₩3,642,361.22	₩3,678,615.05	₩15,733,313,911,626	₩440,372,611,907,690
Jan 18, 2022	₩3,826,059.39	₩3,844,677.46	₩3,695,319.17	₩3,774,854.13	₩15,512,679,213,173	₩449,274,336,809,276
Jan 17, 2022	₩3,988,294.91	₩3,994,093.74	₩3,760,245.37	₩3,826,079.99	₩14,692,188,381,526	₩455,744,249,980,001
Jan 16, 2022	₩3,964,026.54	₩4,018,795.29	₩3,917,816.64	₩3,988,264.90	₩11,314,534,042,671	₩475,380,483,927,532
Jan 15, 2022	₩3,939,575.17	₩4,004,674.68	₩3,902,470.82	₩3,964,197.64	₩11,450,300,102,349	₩472,433,987,870,427
Jan 14, 2022	₩3,855,577.61	₩3,964,181.48	₩3,808,193.34	₩3,939,762.29	₩16,096,856,714,145	₩468,113,700,999,040
Jan 13, 2022	₩3,999,156.25	₩4,022,865.91	₩3,854,375.92	₩3,855,149.97	₩18,138,510,285,100	₩458,995,953,108,432
Jan 12, 2022	₩3,852,152.46	₩4,034,466.16	₩3,833,917.10	₩3,999,338.14	₩19,820,569,188,682	₩477,886,465,421,703
Jan 11, 2022	₩3,693,901.04	₩3,867,444.88	₩3,662,216.00	₩3,851,750.00	₩18,225,671,512,026	₩462,160,501,419,389
Jan 10, 2022	₩3,781,625.77	₩3,813,596.45	₩3,536,919.31	₩3,694,029.22	₩23,396,745,795,004	₩439,795,697,521,481
Jan 09, 2022	₩3,702,476.45	₩3,840,308.35	₩3,683,572.98	₩3,781,842.57	₩14,771,462,333,586	₩450,362,847,712,960
Jan 08, 2022	₩3,824,714.29	₩3,880,847.87	₩3,617,671.03	₩3,702,807.23	₩19,207,670,757,442	₩440,967,494,557,350
Jan 07, 2022	₩4,116,383.77	₩4,119,544.16	₩3,750,303.51	₩3,824,364.50	₩29,500,358,219,323	₩457,911,391,873,677
Jan 06, 2022	₩4,260,539.20	₩4,260,539.20	₩4,022,598.77	₩4,117,070.71	₩29,158,628,805,602	₩488,467,905,429,123
Jan 05, 2022	₩4,543,633.62	₩4,601,260.34	₩4,147,947.97	₩4,261,352.70	₩21,628,435,336,138	₩506,106,653,938,900
Jan 04, 2022	₩4,497,384.13	₩4,643,634.17	₩4,449,295.96	₩4,543,379.19	₩16,776,495,068,006	₩539,958,804,218,071
Jan 03, 2022	₩4,552,878.24	₩4,581,821.59	₩4,422,669.40	₩4,497,406.49	₩14,362,657,630,536	₩532,205,386,640,008
Jan 02, 2022	₩4,481,243.53	₩4,560,736.05	₩4,431,380.79	₩4,552,913.07	₩11,747,883,893,647	₩541,788,749,556,295
Jan 01, 2022	₩4,378,701.10	₩4,481,979.95	₩4,377,796.93	₩4,481,717.27	₩11,622,718,510,555	₩533,257,399,893,102
Dec 31, 2021	₩4,421,173.53	₩4,526,428.69	₩4,327,966.10	₩4,378,208.61	₩16,855,525,310,655	₩521,630,913,874,583
Dec 30, 2021	₩4,303,019.19	₩4,486,523.32	₩4,256,652.54	₩4,421,676.04	₩15,312,440,426,814	₩523,382,877,795,750
Dec 29, 2021	₩4,514,164.42	₩4,541,508.75	₩4,279,977.39	₩4,298,649.92	₩18,690,030,830,128	₩513,052,685,544,656
Dec 28, 2021	₩4,791,140.97	₩4,791,140.97	₩4,480,184.97	₩4,518,273.65	₩20,528,404,195,084	₩536,416,664,239,408
Dec 27, 2021	₩4,818,756.87	₩4,897,047.96	₩4,787,255.48	₩4,791,152.42	₩13,543,578,782,721	₩569,199,109,988,241
Dec 26, 2021	₩4,859,839.93	₩4,872,745.77	₩4,763,542.48	₩4,821,817.46	₩13,291,352,776,937	₩574,066,836,114,147
Dec 25, 2021	₩4,807,172.17	₩4,912,559.59	₩4,781,229.93	₩4,858,806.31	₩12,932,328,314,307	₩577,663,907,909,544
Dec 24, 2021	₩4,874,616.17	₩4,904,083.62	₩4,782,580.22	₩4,805,036.65	₩15,139,672,297,055	₩570,546,873,093,370
Dec 23, 2021	₩4,730,391.18	₩4,927,259.62	₩4,627,409.36	₩4,870,668.59	₩21,391,830,878,468	₩580,067,768,267,130
Dec 22, 2021	₩4,787,653.28	₩4,852,842.81	₩4,702,283.91	₩4,730,555.05	₩16,585,614,639,439	₩563,827,906,366,681
Dec 21, 2021	₩4,687,835.36	₩4,832,101.08	₩4,671,257.98	₩4,789,516.70	₩19,506,805,595,019	₩568,653,142,352,615
Dec 20, 2021	₩4,660,759.58	₩4,727,126.52	₩4,470,312.46	₩4,682,337.13	₩25,645,300,768,422	₩555,234,732,998,406
Dec 19, 2021	₩4,705,080.65	₩4,773,724.24	₩4,626,117.19	₩4,659,449.26	₩19,205,550,832,925	₩553,601,409,865,854
Dec 18, 2021	₩4,609,359.46	₩4,744,230.65	₩4,483,827.43	₩4,705,066.00	₩23,200,555,917,194	₩558,938,541,532,929
Dec 17, 2021	₩4,696,279.62	₩4,732,841.33	₩4,404,743.88	₩4,608,403.43	₩27,453,447,039,015	₩546,625,251,304,349
Dec 16, 2021	₩4,765,799.85	₩4,875,661.45	₩4,692,773.74	₩4,700,380.55	₩23,501,184,748,024	₩557,865,791,454,790
Dec 15, 2021	₩4,577,652.70	₩4,842,535.83	₩4,355,244.10	₩4,763,397.85	₩31,303,309,121,498	₩565,592,792,073,133
Dec 14, 2021	₩4,483,307.09	₩4,582,850.35	₩4,376,071.57	₩4,439,204.89	₩28,250,731,982,189	₩527,076,027,848,840
Dec 13, 2021	₩4,884,935.51	₩4,896,248.84	₩4,360,836.28	₩4,484,970.98	₩28,343,201,448,393	₩530,601,752,752,911
Dec 12, 2021	₩4,824,162.18	₩4,929,032.11	₩4,715,799.14	₩4,882,684.09	₩16,602,030,222,272	₩579,654,678,961,337
Dec 11, 2021	₩4,617,317.64	₩4,836,960.91	₩4,542,190.34	₩4,823,738.20	₩22,594,304,398,610	₩572,578,100,896,406
Dec 10, 2021	₩4,847,162.80	₩4,985,504.11	₩4,603,263.42	₩4,615,934.00	₩33,010,424,966,920	₩546,610,855,630,466
Dec 09, 2021	₩5,198,386.82	₩5,260,462.54	₩4,804,878.47	₩4,854,500.56	₩26,145,559,042,506	₩573,321,916,969,364
Dec 08, 2021	₩5,074,625.06	₩5,224,599.53	₩4,982,104.19	₩5,205,812.81	₩22,014,043,679,633	₩619,986,934,367,006
Dec 07, 2021	₩5,145,965.89	₩5,217,319.08	₩5,019,958.66	₩5,078,611.68	₩26,406,669,796,439	₩604,455,863,109,815
Dec 06, 2021	₩4,964,923.03	₩5,166,177.25	₩4,640,530.66	₩5,146,143.48	₩33,378,751,981,992	₩611,414,422,936,695
Dec 05, 2021	₩4,879,185.36	₩5,029,949.98	₩4,785,132.63	₩4,964,122.14	₩30,240,721,143,272	₩589,828,077,766,769
Dec 04, 2021	₩5,007,255.58	₩5,024,978.18	₩4,175,507.02	₩4,879,136.27	₩45,573,564,656,531	₩578,701,785,870,946
Dec 03, 2021	₩5,312,832.56	₩5,488,419.77	₩4,854,283.67	₩4,998,898.58	₩30,457,044,279,304	₩589,087,503,621,187
Dec 02, 2021	₩5,399,031.12	₩5,441,057.80	₩5,227,665.46	₩5,309,239.12	₩25,312,944,332,499	₩629,750,448,872,370
Dec 01, 2021	₩5,469,604.72	₩5,642,400.81	₩5,332,719.76	₩5,399,804.78	₩32,690,756,413,276	₩643,375,183,546,604
Nov 30, 2021	₩5,297,091.34	₩5,626,367.76	₩5,179,920.21	₩5,478,831.00	₩34,092,699,560,035	₩653,936,444,031,233
Nov 29, 2021	₩5,137,929.86	₩5,312,826.31	₩5,105,801.45	₩5,293,920.03	₩22,822,012,520,226	₩630,060,395,949,216
Nov 28, 2021	₩4,904,915.71	₩5,139,089.33	₩4,771,365.71	₩5,134,948.79	₩19,077,386,602,103	₩608,702,540,305,816
Nov 27, 2021	₩4,834,779.98	₩5,007,800.03	₩4,823,437.31	₩4,899,251.35	₩19,750,127,362,640	₩580,637,737,633,984
Nov 26, 2021	₩5,382,785.41	₩5,426,370.30	₩4,690,266.47	₩4,820,322.23	₩31,283,221,169,503	₩568,573,043,012,201
Nov 25, 2021	₩5,078,258.00	₩5,417,892.11	₩5,055,914.08	₩5,088,226.88	₩22,238,786,849,006	₩602,144,942,934,164
Nov 24, 2021	₩5,164,881.51	₩5,206,909.69	₩4,964,791.51	₩5,040,911.13	₩25,988,465,274,299	₩597,746,901,461,800
Nov 23, 2021	₩4,868,764.59	₩5,220,567.21	₩4,837,944.55	₩5,165,747.58	₩26,349,928,248,150	₩612,176,480,293,808
Nov 22, 2021	₩5,079,131.78	₩5,106,716.80	₩4,799,740.89	₩4,867,309.03	₩23,514,333,007,935	₩576,512,887,884,578
Nov 21, 2021	₩5,258,189.45	₩5,270,460.06	₩5,065,972.25	₩5,082,969.41	₩16,797,374,388,278	₩602,651,350,960,891
Nov 20, 2021	₩5,122,516.29	₩5,284,637.87	₩5,016,323.04	₩5,255,491.08	₩18,410,310,893,927	₩622,369,878,153,466
Nov 19, 2021	₩4,726,968.10	₩5,139,986.06	₩4,710,313.69	₩5,122,463.93	₩24,400,980,199,945	₩602,102,845,767,741
Nov 18, 2021	₩5,067,156.57	₩5,129,082.00	₩4,683,892.75	₩4,732,789.98	₩25,269,887,147,567	₩559,756,700,154,033
Nov 17, 2021	₩4,989,902.41	₩5,077,924.05	₩4,852,814.03	₩5,066,910.33	₩26,268,546,350,097	₩601,050,128,296,025
Nov 16, 2021	₩5,409,617.79	₩5,772,472.12	₩4,899,231.25	₩4,992,808.89	₩32,451,356,315,424	₩590,723,530,931,713
Nov 15, 2021	₩5,459,757.85	₩5,622,127.18	₩5,383,059.54	₩5,394,261.49	₩19,204,767,431,555	₩636,480,233,611,021
Nov 14, 2021	₩5,485,130.77	₩5,533,756.73	₩5,329,735.78	₩5,458,894.25	₩14,363,425,905,569	₩646,019,013,662,592
Nov 13, 2021	₩5,506,471.92	₩5,548,237.19	₩5,406,721.10	₩5,488,467.61	₩17,058,979,628,761	₩649,451,804,079,734
Nov 12, 2021	₩5,623,531.13	₩5,665,354.52	₩5,317,552.60	₩5,506,939.52	₩21,802,339,107,754	₩657,305,011,181,361
Nov 11, 2021	₩5,493,670.72	₩5,635,267.73	₩5,428,160.00	₩5,630,765.34	₩21,253,388,830,011	₩663,231,180,090,035
Nov 10, 2021	₩5,578,258.01	₩5,739,782.79	₩5,313,624.07	₩5,494,524.52	₩26,808,657,997,669	₩646,305,062,000,161
Nov 09, 2021	₩5,776,229.85	₩5,697,011.95	₩5,562,671.32	₩5,580,268.29	₩25,018,956,375,204	₩672,541,634,805,920
Nov 08, 2021	₩5,459,034.94	₩5,787,516.93	₩5,459,034.94	₩5,778,650.88	₩22,796,031,515,702	₩672,498,162,789,214
Nov 07, 2021	₩5,345,084.92	₩5,483,249.39	₩5,329,728.08	₩5,460,104.32	₩15,999,135,783,094	₩645,549,945,437,689
Nov 06, 2021	₩5,296,248.58	₩5,353,372.90	₩5,121,771.29	₩5,342,248.05	₩17,047,954,120,640	₩631,649,800,968,199
Nov 05, 2021	₩5,380,975.48	₩5,418,557.43	₩5,255,808.58	₩5,300,496.58	₩17,890,641,622,463	₩628,981,609,102,899
Nov 04, 2021	₩5,435,083.55	₩5,424,734.69	₩5,250,856.04	₩5,380,857.73	₩21,736,238,344,093	₩633,083,104,896,616
Nov 03, 2021	₩5,411,791.20	₩5,506,231.41	₩5,285,946.91	₩5,438,052.07	₩25,021,483,019,063	₩642,096,095,585,703
Nov 02, 2021	₩5,090,002.09	₩5,423,196.75	₩5,041,605.69	₩5,406,030.08	₩24,486,699,593,550	₩638,056,529,342,355
Nov 01, 2021	₩5,036,981.22	₩5,156,960.31	₩4,902,629.50	₩5,092,505.27	₩21,125,691,458,830	₩600,273,384,422,352
Oct 31, 2021	₩5,077,538.77	₩5,161,764.77	₩4,908,713.99	₩5,036,813.23	₩20,553,513,996,944	₩595,132,174,593,510
Oct 30, 2021	₩5,185,014.50	₩5,199,820.70	₩4,995,021.88	₩5,080,952.18	₩17,167,501,443,705	₩600,279,361,042,118
Oct 29, 2021	₩5,010,769.58	₩5,236,704.23	₩4,995,925.73	₩5,185,605.60	₩26,834,686,281,816	₩609,319,297,307,287
Oct 28, 2021	₩4,600,276.68	₩5,012,989.54	₩4,580,264.25	₩5,009,171.20	₩30,425,555,650,757	₩593,554,068,645,373
Oct 27, 2021	₩4,827,742.09	₩5,031,302.70	₩4,606,654.92	₩4,606,654.92	₩30,633,063,957,351	₩542,309,649,437,688
Oct 26, 2021	₩4,926,106.69	₩5,011,043.63	₩4,797,504.20	₩4,826,490.40	₩20,041,252,099,387	₩569,826,944,999,023
Oct 25, 2021	₩4,809,570.81	₩4,947,153.71	₩4,794,779.27	₩4,926,736.28	₩18,835,593,574,494	₩586,450,727,495,906
Oct 24, 2021	₩4,911,943.38	₩4,928,277.62	₩4,671,443.01	₩4,813,665.51	₩17,635,195,675,292	₩568,247,204,992,667
Oct 23, 2021	₩4,676,431.09	₩4,911,716.64	₩4,644,961.70	₩4,911,716.64	₩17,405,852,012,013	₩579,893,934,546,015
Oct 22, 2021	₩4,775,777.68	₩4,906,397.53	₩4,601,293.83	₩4,675,048.00	₩22,883,275,653,766	₩551,828,559,395,857
Oct 21, 2021	₩4,892,475.54	₩5,136,306.34	₩4,748,242.82	₩4,774,171.75	₩33,175,973,066,240	₩562,521,697,530,483
Oct 20, 2021	₩4,559,261.62	₩4,898,446.55	₩4,497,024.22	₩4,885,749.55	₩23,912,881,417,704	₩576,642,315,502,771
Oct 19, 2021	₩4,443,666.81	₩4,566,548.52	₩4,428,384.76	₩4,559,167.52	₩18,972,526,114,855	₩542,592,083,442,273
Oct 18, 2021	₩4,551,067.99	₩4,599,622.91	₩4,380,672.05	₩4,445,560.93	₩20,564,279,774,574	₩523,133,817,343,358
Oct 17, 2021	₩4,529,918.70	₩4,630,502.28	₩4,329,867.02	₩4,550,328.21	₩18,815,930,180,689	₩536,795,869,092,188
Oct 16, 2021	₩4,572,271.76	₩4,686,749.94	₩4,501,563.93	₩4,530,537.70	₩19,608,405,729,508	₩534,401,250,387,168
Oct 15, 2021	₩4,481,282.97	₩4,607,097.85	₩4,418,947.36	₩4,568,685.77	₩24,790,111,389,083	₩538,638,324,363,048
Oct 14, 2021	₩4,278,686.28	₩4,523,495.53	₩4,266,647.63	₩4,476,387.68	₩23,077,277,252,587	₩529,916,169,180,376
Oct 13, 2021	₩4,184,391.59	₩4,285,672.90	₩4,071,799.89	₩4,280,161.19	₩19,421,446,257,574	₩509,420,875,132,256
Oct 12, 2021	₩4,241,256.76	₩4,241,256.76	₩4,088,494.98	₩4,184,175.62	₩21,657,366,972,348	₩492,451,771,607,097
Oct 11, 2021	₩4,091,978.53	₩4,327,657.40	₩4,051,334.73	₩4,239,912.85	₩22,231,495,984,854	₩500,118,629,382,020
Oct 10, 2021	₩4,277,798.18	₩4,311,570.81	₩4,086,287.77	₩4,099,308.72	₩19,350,788,658,471	₩483,206,035,275,388
Oct 09, 2021	₩4,259,822.25	₩4,342,419.47	₩4,241,445.72	₩4,278,631.28	₩15,204,986,263,617	₩504,286,883,139,400
Oct 08, 2021	₩4,274,041.75	₩4,385,983.06	₩4,244,624.36	₩4,264,323.01	₩19,324,654,848,170	₩500,309,178,511,886
Oct 07, 2021	₩4,261,255.91	₩4,348,534.51	₩4,141,103.48	₩4,274,210.82	₩22,743,351,670,148	₩503,691,667,353,226
Oct 06, 2021	₩4,175,593.06	₩4,328,513.31	₩4,015,404.49	₩4,265,720.50	₩25,951,005,330,488	₩500,927,688,127,901
Oct 05, 2021	₩4,006,670.56	₩4,201,826.20	₩3,998,928.04	₩4,177,906.48	₩19,705,961,958,693	₩491,103,512,960,092
Oct 04, 2021	₩4,037,576.34	₩4,068,763.87	₩3,884,344.49	₩4,004,662.08	₩20,959,397,192,377	₩470,223,367,171,152
Oct 03, 2021	₩4,002,798.25	₩4,113,574.30	₩3,952,453.16	₩4,037,083.16	₩18,317,294,643,254	₩475,291,548,503,970
Oct 02, 2021	₩3,906,118.84	₩4,090,237.73	₩3,848,459.87	₩4,003,892.44	₩22,668,738,430,231	₩471,530,811,554,139
Oct 01, 2021	₩3,555,501.91	₩3,928,627.74	₩3,538,276.60	₩3,904,520.06	₩26,428,319,904,440	₩461,419,729,314,479
Sep 30, 2021	₩3,390,070.27	₩3,606,527.68	₩3,370,937.09	₩3,556,153.21	₩20,988,962,908,554	₩420,016,900,314,386
Sep 29, 2021	₩3,337,135.29	₩3,490,824.47	₩3,311,637.46	₩3,390,764.94	₩18,725,245,125,298	₩399,005,515,023,438
Sep 28, 2021	₩3,450,201.60	₩3,513,684.65	₩3,317,312.80	₩3,334,758.51	₩19,901,727,341,534	₩389,267,489,944,408
Sep 27, 2021	₩3,618,301.17	₩3,719,360.37	₩3,454,594.84	₩3,456,298.14	₩22,617,411,056,398	₩407,583,138,532,924
Sep 26, 2021	₩3,453,845.74	₩3,676,574.77	₩3,239,321.42	₩3,614,084.76	₩24,989,369,165,563	₩425,354,429,516,470
Sep 25, 2021	₩3,459,206.13	₩3,504,185.49	₩3,327,117.95	₩3,452,928.07	₩22,345,610,894,192	₩406,320,230,286,812
Sep 24, 2021	₩3,705,979.58	₩3,704,507.63	₩3,237,381.15	₩3,460,131.91	₩30,069,502,692,690	₩405,237,356,484,012
Sep 23, 2021	₩3,638,253.35	₩3,723,835.35	₩3,602,083.83	₩3,707,109.28	₩21,886,783,324,039	₩438,813,721,570,447
Sep 22, 2021	₩3,271,196.29	₩3,645,111.46	₩3,249,699.20	₩3,638,127.60	₩28,106,839,826,254	₩428,621,935,905,036
Sep 21, 2021	₩3,535,027.64	₩3,672,823.77	₩3,170,179.34	₩3,272,642.87	₩36,100,614,589,989	₩386,061,476,328,274
Sep 20, 2021	₩3,936,038.37	₩3,950,309.66	₩3,479,836.16	₩3,513,279.52	₩32,356,352,899,900	₩411,371,264,759,111
Sep 19, 2021	₩4,058,215.03	₩4,075,985.69	₩3,884,442.50	₩3,935,774.97	₩16,852,779,868,711	₩462,784,674,539,567
Sep 18, 2021	₩4,015,821.63	₩4,185,305.40	₩3,985,644.26	₩4,056,714.19	₩18,906,670,220,311	₩476,987,140,009,748
Sep 17, 2021	₩4,195,742.70	₩4,235,773.00	₩3,967,390.99	₩4,017,140.81	₩20,831,224,316,262	₩469,642,590,896,792
Sep 16, 2021	₩4,213,630.80	₩4,299,336.58	₩4,101,088.73	₩4,197,772.32	₩23,433,867,585,710	₩489,595,781,200,936
Sep 15, 2021	₩4,020,528.74	₩4,216,206.97	₩3,939,406.46	₩4,216,206.97	₩20,562,515,348,055	₩497,920,097,526,156
Sep 14, 2021	₩3,851,930.75	₩4,018,129.48	₩3,841,770.50	₩4,018,129.48	₩22,417,134,745,851	₩472,378,913,894,800
Sep 13, 2021	₩3,988,046.33	₩4,018,930.34	₩3,664,555.57	₩3,850,987.68	₩26,592,912,964,914	₩451,870,220,458,629
Sep 12, 2021	₩3,827,484.11	₩4,052,403.47	₩3,786,307.39	₩3,991,162.60	₩19,674,569,321,936	₩468,955,473,321,973
Sep 11, 2021	₩3,755,785.14	₩3,916,707.50	₩3,755,704.87	₩3,827,468.11	₩21,800,812,139,704	₩449,670,897,740,839
Sep 10, 2021	₩4,008,111.07	₩4,119,985.20	₩3,694,958.72	₩3,758,682.21	₩26,157,795,081,586	₩441,417,592,183,497
Sep 09, 2021	₩4,030,813.38	₩4,160,742.14	₩3,977,564.93	₩4,010,188.14	₩28,157,572,697,960	₩469,995,712,616,837
Sep 08, 2021	₩3,983,765.68	₩4,155,739.91	₩3,765,773.38	₩4,083,078.07	₩36,879,967,306,749	₩477,280,583,938,983
Sep 07, 2021	₩4,541,182.60	₩4,568,721.17	₩3,562,554.00	₩3,981,460.56	₩45,256,932,105,039	₩465,351,928,812,624
Sep 06, 2021	₩4,566,969.32	₩4,589,799.38	₩4,471,634.67	₩4,543,324.42	₩21,583,270,262,422	₩533,102,801,866,057
Sep 05, 2021	₩4,491,627.00	₩4,599,367.13	₩4,436,331.81	₩4,567,677.42	₩21,232,824,806,952	₩536,264,842,327,044
Sep 04, 2021	₩4,551,239.74	₩4,587,690.38	₩4,435,688.82	₩4,493,357.78	₩24,047,647,866,541	₩527,478,499,680,492
Sep 03, 2021	₩4,386,374.12	₩4,648,079.75	₩4,294,942.29	₩4,554,365.48	₩30,351,807,619,104	₩535,676,318,349,705
Sep 02, 2021	₩4,422,129.50	₩4,439,880.15	₩4,324,184.04	₩4,390,431.67	₩28,194,365,358,816	₩514,379,453,006,188
Sep 01, 2021	₩3,977,667.77	₩4,435,817.39	₩3,929,160.52	₩4,433,459.64	₩34,864,557,362,133	₩521,755,739,029,759
Aug 31, 2021	₩3,765,212.02	₩4,015,219.79	₩3,726,644.95	₩3,981,111.74	₩31,822,979,539,976	₩469,990,110,478,618
Aug 30, 2021	₩3,751,066.23	₩3,904,586.98	₩3,669,610.10	₩3,761,264.69	₩22,441,037,152,884	₩439,702,620,612,461
Aug 29, 2021	₩3,773,819.41	₩3,816,203.16	₩3,671,614.82	₩3,750,845.41	₩15,455,021,655,524	₩440,009,959,476,050
Aug 28, 2021	₩3,806,752.18	₩3,818,075.01	₩3,739,684.69	₩3,771,067.24	₩15,935,118,536,283	₩442,331,656,464,488
Aug 27, 2021	₩3,625,894.70	₩3,814,581.76	₩3,597,252.58	₩3,801,517.46	₩21,651,344,081,745	₩449,178,167,132,517
Aug 26, 2021	₩3,759,324.46	₩3,783,799.27	₩3,566,672.65	₩3,630,484.46	₩20,265,925,823,658	₩423,318,628,518,337
Aug 25, 2021	₩3,696,342.82	₩3,783,887.39	₩3,601,041.19	₩3,754,862.57	₩22,011,665,297,139	₩440,332,354,127,524
Aug 24, 2021	₩3,885,455.02	₩3,915,277.79	₩3,673,696.98	₩3,694,231.19	₩23,525,295,559,617	₩434,659,246,262,655
Aug 23, 2021	₩3,809,374.47	₩3,950,142.53	₩3,805,335.47	₩3,878,912.93	₩24,105,486,580,698	₩457,300,392,721,475
Aug 22, 2021	₩3,791,591.42	₩3,845,723.34	₩3,692,612.49	₩3,810,265.32	₩18,784,188,177,783	₩446,621,072,624,599
Aug 21, 2021	₩3,862,407.73	₩3,886,402.74	₩3,772,363.06	₩3,791,422.89	₩21,285,372,831,270	₩444,300,796,553,010
Aug 20, 2021	₩3,743,461.66	₩3,894,865.39	₩3,733,859.88	₩3,862,411.96	₩24,569,617,537,795	₩453,133,589,046,306
Aug 19, 2021	₩3,534,431.55	₩3,747,541.64	₩3,483,617.99	₩3,744,096.52	₩22,882,451,315,755	₩436,584,691,312,830
Aug 18, 2021	₩3,546,436.68	₩3,658,384.24	₩3,481,330.91	₩3,535,558.89	₩25,361,388,058,033	₩416,625,638,715,057
Aug 17, 2021	₩3,673,552.63	₩3,847,192.31	₩3,529,689.74	₩3,549,830.47	₩29,754,698,260,382	₩411,965,053,781,171
Aug 16, 2021	₩3,846,816.08	₩3,877,773.88	₩3,662,769.23	₩3,681,868.23	₩26,827,846,929,813	₩429,773,680,029,214
Aug 15, 2021	₩3,796,653.96	₩3,859,183.26	₩3,624,058.65	₩3,848,073.89	₩25,765,553,427,623	₩450,687,775,544,884
Aug 14, 2021	₩3,862,312.90	₩3,869,889.52	₩3,736,493.50	₩3,795,686.05	₩23,085,868,925,961	₩444,502,203,998,482
Aug 13, 2021	₩3,545,979.82	₩3,864,531.80	₩3,544,729.81	₩3,861,672.50	₩27,759,424,691,901	₩452,417,801,752,861
Aug 12, 2021	₩3,650,983.07	₩3,749,724.95	₩3,473,068.55	₩3,539,482.37	₩29,312,049,514,915	₩411,143,962,013,876
Aug 11, 2021	₩3,625,197.04	₩3,782,436.91	₩3,603,474.78	₩3,651,062.96	₩30,831,450,466,009	₩427,281,688,011,894
Aug 10, 2021	₩3,627,694.30	₩3,721,804.55	₩3,525,428.54	₩3,623,883.00	₩31,660,360,897,323	₩421,766,621,682,122
Aug 09, 2021	₩3,452,529.81	₩3,652,660.44	₩3,317,105.79	₩3,633,206.51	₩36,650,298,894,344	₩424,868,011,078,375
Aug 08, 2021	₩3,623,219.29	₩3,650,002.00	₩3,382,466.18	₩3,453,500.46	₩32,588,965,408,603	₩404,227,903,606,134
Aug 07, 2021	₩3,313,665.42	₩3,633,531.06	₩3,287,112.26	₩3,618,641.59	₩37,908,714,812,804	₩423,345,524,512,323
Aug 06, 2021	₩3,232,451.84	₩3,375,328.88	₩3,116,574.65	₩3,312,787.95	₩30,327,937,983,450	₩386,679,368,296,325
Aug 05, 2021	₩3,121,082.02	₩3,248,569.41	₩2,910,789.44	₩3,232,252.30	₩35,563,495,924,431	₩378,740,060,071,453
Aug 04, 2021	₩2,881,265.97	₩3,161,508.49	₩2,817,638.10	₩3,119,879.99	₩28,758,963,345,664	₩366,059,314,913,333
Aug 03, 2021	₩3,002,134.75	₩3,026,254.81	₩2,813,397.76	₩2,874,150.22	₩26,112,659,355,554	₩336,721,019,712,978
Aug 02, 2021	₩2,946,375.70	₩3,068,575.84	₩2,889,742.46	₩3,002,986.64	₩25,529,925,932,048	₩351,623,279,139,073
Aug 01, 2021	₩2,914,916.00	₩3,104,946.10	₩2,903,937.19	₩2,951,072.57	₩26,146,492,228,527	₩345,077,865,956,731
Jul 31, 2021	₩2,835,562.92	₩2,938,758.99	₩2,792,066.43	₩2,921,536.43	₩20,736,710,126,071	₩341,585,256,240,831
Jul 30, 2021	₩2,722,319.93	₩2,844,927.02	₩2,665,601.67	₩2,841,766.97	₩23,095,402,492,033	₩329,533,430,314,080
Jul 29, 2021	₩2,644,807.75	₩2,740,538.50	₩2,614,176.09	₩2,720,504.90	₩18,767,077,970,355	₩320,180,415,187,603
Jul 28, 2021	₩2,657,660.79	₩2,702,882.51	₩2,598,924.30	₩2,641,970.37	₩21,924,698,943,300	₩309,881,372,209,015
Jul 27, 2021	₩2,570,435.06	₩2,669,390.86	₩2,479,300.75	₩2,653,334.05	₩26,586,646,695,873	₩309,577,263,396,442
Jul 26, 2021	₩2,524,653.11	₩2,800,375.10	₩2,508,676.35	₩2,574,088.21	₩34,119,270,930,572	₩300,678,146,411,619
Jul 25, 2021	₩2,519,853.98	₩2,528,256.13	₩2,429,625.06	₩2,524,726.66	₩16,782,337,126,971	₩294,991,120,891,114
Jul 24, 2021	₩2,447,058.19	₩2,531,955.98	₩2,427,889.60	₩2,522,242.70	₩18,500,105,377,884	₩294,667,525,763,509
Jul 23, 2021	₩2,330,718.87	₩2,453,371.73	₩2,306,564.09	₩2,447,997.70	₩18,645,229,412,542	₩285,661,086,283,765
Jul 22, 2021	₩2,293,246.28	₩2,352,683.79	₩2,249,949.36	₩2,330,830.60	₩20,112,786,203,724	₩271,932,259,800,539
Jul 21, 2021	₩2,051,504.62	₩2,330,017.90	₩2,021,526.19	₩2,288,818.08	₩24,409,082,884,104	₩267,045,494,905,137
Jul 20, 2021	₩2,093,748.73	₩2,115,300.96	₩1,980,054.26	₩2,052,922.35	₩19,991,115,958,127	₩240,252,393,294,180
Jul 19, 2021	₩2,162,861.95	₩2,199,429.17	₩2,084,184.15	₩2,091,693.81	₩16,175,573,143,941	₩242,431,375,377,132
Jul 18, 2021	₩2,170,972.06	₩2,271,674.42	₩2,151,389.81	₩2,165,716.56	₩15,757,210,021,701	₩252,836,373,123,133
Jul 17, 2021	₩2,144,336.99	₩2,190,855.56	₩2,120,012.54	₩2,169,407.81	₩15,268,692,271,599	₩253,244,157,121,048
Jul 16, 2021	₩2,187,072.14	₩2,235,508.52	₩2,113,542.54	₩2,148,337.56	₩16,985,105,726,982	₩250,453,627,877,361
Jul 15, 2021	₩2,282,764.44	₩2,338,280.53	₩2,148,786.47	₩2,180,884.08	₩17,953,578,684,394	₩255,259,081,646,969
Jul 14, 2021	₩2,231,757.76	₩2,310,137.85	₩2,149,927.27	₩2,282,328.75	₩19,939,014,291,074	₩267,566,099,502,569
Jul 13, 2021	₩2,323,144.75	₩2,334,762.98	₩2,211,019.93	₩2,230,511.68	₩18,983,570,201,721	₩258,538,555,635,837
Jul 12, 2021	₩2,451,319.53	₩2,486,935.35	₩2,304,245.91	₩2,326,140.06	₩20,348,152,764,992	₩272,123,569,266,002
Jul 11, 2021	₩2,417,607.11	₩2,488,133.83	₩2,386,601.17	₩2,450,355.06	₩16,842,225,797,119	₩285,871,205,317,381
Jul 10, 2021	₩2,458,980.19	₩2,508,371.06	₩2,384,447.87	₩2,418,211.49	₩20,136,316,407,960	₩282,063,059,491,888
Jul 09, 2021	₩2,427,152.29	₩2,500,542.67	₩2,353,822.68	₩2,458,628.19	₩26,421,331,959,259	₩287,237,028,493,259
Jul 08, 2021	₩2,645,986.26	₩2,650,967.50	₩2,396,077.55	₩2,432,260.29	₩26,469,716,274,585	₩282,213,070,339,132
Jul 07, 2021	₩2,641,839.43	₩2,734,125.11	₩2,612,794.39	₩2,642,804.63	₩25,470,306,697,113	₩306,974,091,771,887
Jul 06, 2021	₩2,484,970.20	₩2,656,692.17	₩2,484,970.20	₩2,643,512.18	₩23,620,362,573,981	₩306,425,270,426,272
Jul 05, 2021	₩2,625,558.96	₩2,625,558.96	₩2,443,716.88	₩2,485,719.88	₩22,732,753,122,224	₩289,813,724,709,925
Jul 04, 2021	₩2,517,716.38	₩2,696,080.97	₩2,477,333.55	₩2,625,334.25	₩21,243,897,517,246	₩306,010,864,926,257
Jul 03, 2021	₩2,432,099.72	₩2,530,173.81	₩2,394,507.26	₩2,517,223.25	₩19,713,122,342,463	₩293,375,501,145,241
Jul 02, 2021	₩2,393,487.76	₩2,437,483.85	₩2,295,072.29	₩2,431,201.14	₩36,070,007,873,892	₩284,230,062,980,422
Jul 01, 2021	₩2,571,436.46	₩2,571,436.46	₩2,358,879.13	₩2,397,699.66	₩32,857,193,671,193	₩278,442,458,191,454
Jun 30, 2021	₩2,448,815.30	₩2,581,284.11	₩2,359,338.71	₩2,571,606.28	₩29,224,499,854,280	₩299,849,443,101,201
Jun 29, 2021	₩2,354,339.75	₩2,538,034.41	₩2,345,692.97	₩2,444,913.92	₩28,041,599,204,593	₩284,444,092,382,360
Jun 28, 2021	₩2,233,698.94	₩2,418,258.25	₩2,220,505.74	₩2,350,055.53	₩28,763,667,703,908	₩273,086,501,775,804
Jun 27, 2021	₩2,064,137.76	₩2,232,088.73	₩2,041,889.91	₩2,230,889.85	₩22,417,492,241,168	₩259,819,754,020,059
Jun 26, 2021	₩2,041,464.15	₩2,085,763.17	₩1,938,510.97	₩2,062,156.25	₩23,265,320,629,456	₩240,145,167,875,282
Jun 25, 2021	₩2,251,393.18	₩2,276,608.88	₩2,024,756.83	₩2,044,094.18	₩25,775,978,025,451	₩238,958,036,672,572
Jun 24, 2021	₩2,231,988.98	₩2,299,532.84	₩2,142,705.93	₩2,250,533.56	₩22,981,080,132,455	₩262,436,474,918,594
Jun 23, 2021	₩2,129,441.59	₩2,323,566.17	₩2,071,150.38	₩2,255,543.66	₩32,201,519,382,088	₩262,549,749,250,117
Jun 22, 2021	₩2,134,460.47	₩2,258,336.55	₩1,942,363.76	₩2,125,275.92	₩40,215,988,344,859	₩246,908,610,371,606
Jun 21, 2021	₩2,548,995.56	₩2,564,425.73	₩2,112,812.77	₩2,136,474.10	₩38,309,185,266,907	₩249,516,674,968,636
Jun 20, 2021	₩2,465,011.43	₩2,583,125.19	₩2,327,219.99	₩2,550,183.78	₩25,583,915,012,810	₩296,773,584,693,197
Jun 19, 2021	₩2,537,464.46	₩2,586,570.55	₩2,462,226.69	₩2,473,141.15	₩21,303,936,770,608	₩287,774,598,782,381
Jun 18, 2021	₩2,694,064.24	₩2,690,594.24	₩2,436,249.56	₩2,533,575.05	₩25,813,985,144,481	₩294,588,449,243,168
Jun 17, 2021	₩2,682,043.22	₩2,780,473.26	₩2,624,049.98	₩2,691,131.44	₩24,779,497,329,366	₩312,629,626,887,295
Jun 16, 2021	₩2,843,632.57	₩2,853,633.92	₩2,667,576.46	₩2,682,447.66	₩26,931,498,242,724	₩307,738,572,337,200
Jun 15, 2021	₩2,891,451.25	₩2,949,663.09	₩2,812,087.48	₩2,917,461.34	₩32,409,211,222,468	₩339,285,916,160,182
Jun 14, 2021	₩2,801,170.29	₩2,913,434.74	₩2,759,417.01	₩2,835,726.90	₩30,107,325,988,498	₩329,508,324,392,517
Jun 13, 2021	₩2,649,227.13	₩2,844,246.33	₩2,582,178.38	₩2,800,747.31	₩30,250,628,152,730	₩325,668,486,829,534
Jun 12, 2021	₩2,629,198.59	₩2,732,452.28	₩2,529,832.10	₩2,648,997.52	₩28,722,539,081,680	₩307,987,965,135,702
Jun 11, 2021	₩2,751,078.74	₩2,775,124.91	₩2,598,066.24	₩2,628,100.43	₩27,626,461,465,916	₩304,417,472,176,138
Jun 10, 2021	₩2,917,712.63	₩2,923,752.53	₩2,709,649.52	₩2,749,587.80	₩32,129,542,565,933	₩321,016,886,072,837
Jun 09, 2021	₩2,805,824.01	₩2,930,814.04	₩2,688,965.72	₩2,914,499.34	₩40,324,463,714,558	₩338,848,977,091,226
Jun 08, 2021	₩2,880,842.06	₩2,912,186.74	₩2,584,905.39	₩2,813,916.03	₩46,533,270,236,616	₩324,832,329,834,793
Jun 07, 2021	₩3,013,327.59	₩3,163,879.86	₩2,868,109.02	₩2,876,024.32	₩33,986,932,816,753	₩334,298,477,027,914
Jun 06, 2021	₩2,920,809.29	₩3,047,085.15	₩2,905,719.25	₩3,015,599.23	₩28,113,131,664,099	₩350,368,372,703,447
Jun 05, 2021	₩2,989,527.95	₩3,129,324.13	₩2,841,379.01	₩2,921,729.04	₩33,872,044,461,475	₩339,422,392,160,085
Jun 04, 2021	₩3,189,370.62	₩3,189,370.62	₩2,864,340.61	₩2,985,724.42	₩38,147,262,402,548	₩348,562,894,958,155
Jun 03, 2021	₩3,008,677.49	₩3,218,691.45	₩2,963,376.44	₩3,187,094.45	₩33,368,806,170,660	₩368,376,427,062,536
Jun 02, 2021	₩2,919,533.37	₩3,111,697.64	₩2,830,487.31	₩3,006,176.71	₩30,723,232,559,571	₩348,273,352,806,608
Jun 01, 2021	₩2,999,922.99	₩3,037,202.85	₩2,806,755.84	₩2,918,494.34	₩30,317,903,918,708	₩338,818,729,910,336
May 31, 2021	₩2,658,984.99	₩3,009,031.57	₩2,535,207.42	₩3,008,105.14	₩34,537,625,225,148	₩351,105,288,098,548
May 30, 2021	₩2,537,671.87	₩2,753,646.40	₩2,438,033.31	₩2,662,445.53	₩28,822,672,549,189	₩309,085,567,942,014
May 29, 2021	₩2,688,908.73	₩2,859,184.56	₩2,459,927.62	₩2,539,036.87	₩37,618,858,267,072	₩294,725,137,774,879
May 28, 2021	₩3,066,903.30	₩3,084,922.40	₩2,602,355.96	₩2,695,412.62	₩44,731,013,565,998	₩314,090,380,280,556
May 27, 2021	₩3,225,351.15	₩3,225,351.15	₩2,955,668.54	₩3,060,215.42	₩37,262,346,651,160	₩354,574,531,138,533
May 26, 2021	₩3,038,402.27	₩3,254,659.17	₩2,975,502.99	₩3,225,291.18	₩47,701,835,852,971	₩376,225,312,141,283
May 25, 2021	₩2,975,370.99	₩3,087,942.08	₩2,689,265.12	₩3,037,926.64	₩55,663,487,417,377	₩352,719,472,139,705
May 24, 2021	₩2,368,287.53	₩3,002,797.83	₩2,358,358.55	₩2,969,258.33	₩60,559,097,493,359	₩345,875,442,082,036
May 23, 2021	₩2,592,075.39	₩2,689,115.67	₩1,959,499.88	₩2,379,163.87	₩63,162,693,188,278	₩275,975,744,766,880
May 22, 2021	₩2,747,312.87	₩2,801,411.32	₩2,445,188.92	₩2,589,073.88	₩47,468,610,793,825	₩300,289,839,325,087
May 21, 2021	₩3,127,341.73	₩3,310,578.76	₩2,383,411.78	₩2,741,230.49	₩60,659,882,404,686	₩317,974,100,088,285
May 20, 2021	₩2,759,894.69	₩3,384,764.27	₩2,458,878.48	₩3,140,825.19	₩76,486,228,020,447	₩365,239,491,964,331
May 19, 2021	₩3,816,111.92	₩3,879,783.73	₩2,207,294.58	₩2,783,697.22	₩95,308,580,170,229	₩321,856,976,859,451
May 18, 2021	₩3,724,203.16	₩4,018,322.63	₩3,689,575.64	₩3,813,193.35	₩45,933,846,509,086	₩445,342,374,683,660
May 17, 2021	₩4,034,495.59	₩4,043,918.55	₩3,556,179.00	₩3,730,482.91	₩60,902,244,265,289	₩428,625,904,255,635
May 16, 2021	₩4,102,740.79	₩4,369,809.05	₩3,775,048.02	₩4,041,438.70	₩53,353,294,362,657	₩468,425,377,229,082
May 15, 2021	₩4,591,803.98	₩4,651,775.24	₩4,098,562.77	₩4,098,562.77	₩47,791,290,792,108	₩474,979,202,802,076
May 14, 2021	₩4,191,645.40	₩4,699,922.82	₩4,180,229.74	₩4,595,302.97	₩54,280,330,223,607	₩532,573,385,332,521
May 13, 2021	₩4,336,632.75	₩4,554,967.71	₩4,012,535.41	₩4,186,041.23	₩88,793,814,023,315	₩487,522,306,072,185
May 12, 2021	₩4,672,383.25	₩4,922,636.19	₩4,287,851.95	₩4,287,851.95	₩77,253,131,695,134	₩490,878,156,686,149
May 11, 2021	₩4,408,402.79	₩4,676,463.22	₩4,233,930.09	₩4,665,740.81	₩58,819,024,823,311	₩539,156,868,325,036
May 10, 2021	₩4,367,760.38	₩4,671,595.16	₩4,113,243.66	₩4,412,893.47	₩69,774,178,899,334	₩509,475,223,950,046
May 09, 2021	₩4,353,341.04	₩4,431,021.93	₩4,166,947.56	₩4,372,692.46	₩56,280,990,030,597	₩506,392,440,563,250
May 08, 2021	₩3,875,348.33	₩4,396,415.07	₩3,843,940.80	₩4,343,529.85	₩55,880,544,547,038	₩502,957,431,384,120
May 07, 2021	₩3,910,351.26	₩3,981,634.17	₩3,777,942.66	₩3,878,398.72	₩44,376,376,426,688	₩452,047,294,239,118
May 06, 2021	₩3,965,506.43	₩4,036,286.31	₩3,811,365.42	₩3,911,219.85	₩49,837,430,827,593	₩454,643,136,472,477
May 05, 2021	₩3,648,718.57	₩3,983,075.63	₩3,617,566.30	₩3,963,090.27	₩54,422,131,179,749	₩459,138,632,849,177
May 04, 2021	₩3,844,583.05	₩3,965,804.27	₩3,584,583.67	₩3,663,440.29	₩69,921,491,599,787	₩421,954,976,224,301
May 03, 2021	₩3,298,700.96	₩3,865,767.44	₩3,298,700.96	₩3,844,532.02	₩54,964,967,096,736	₩443,828,017,750,597
May 02, 2021	₩3,292,429.26	₩3,336,389.87	₩3,197,381.63	₩3,299,684.92	₩31,333,062,902,974	₩381,819,141,331,751
May 01, 2021	₩3,099,367.74	₩3,299,002.64	₩3,080,444.21	₩3,292,801.03	₩32,109,003,204,769	₩380,977,815,080,598
Apr 30, 2021	₩3,054,549.04	₩3,114,079.57	₩3,021,719.03	₩3,099,780.00	₩32,982,097,760,259	₩355,353,040,728,714
Apr 29, 2021	₩3,050,062.69	₩3,099,479.05	₩2,959,301.98	₩3,053,599.67	₩36,150,598,657,602	₩353,866,737,677,063
Apr 28, 2021	₩2,966,190.19	₩3,060,824.92	₩2,853,099.43	₩3,047,544.14	₩38,146,513,479,416	₩353,586,764,858,328
Apr 27, 2021	₩2,813,357.59	₩2,978,186.40	₩2,761,404.04	₩2,964,163.91	₩35,833,749,365,794	₩341,895,720,779,906
Apr 26, 2021	₩2,586,522.71	₩2,815,917.88	₩2,575,731.34	₩2,813,857.73	₩39,261,907,091,357	₩326,810,529,592,072
Apr 25, 2021	₩2,469,359.30	₩2,625,112.55	₩2,422,567.60	₩2,582,710.71	₩35,477,142,299,900	₩298,610,456,538,924
Apr 24, 2021	₩2,639,615.84	₩2,640,219.93	₩2,412,799.18	₩2,466,250.29	₩35,520,002,134,003	₩285,099,652,559,960
Apr 23, 2021	₩2,688,422.21	₩2,730,256.73	₩2,365,870.65	₩2,635,587.02	₩62,040,880,021,311	₩305,885,606,237,684
Apr 22, 2021	₩2,632,390.01	₩2,955,569.82	₩2,590,865.23	₩2,690,973.75	₩59,813,565,795,358	₩310,140,485,104,121
Apr 21, 2021	₩2,604,158.89	₩2,757,837.19	₩2,505,181.67	₩2,640,071.87	₩43,454,481,829,356	₩305,286,735,954,288
Apr 20, 2021	₩2,411,361.33	₩2,621,308.44	₩2,290,856.50	₩2,603,098.61	₩43,982,904,529,294	₩300,324,356,549,836
Apr 19, 2021	₩2,499,101.35	₩2,545,747.34	₩2,326,711.50	₩2,416,100.88	₩38,033,861,743,629	₩279,472,203,639,126
Apr 18, 2021	₩2,620,166.01	₩2,641,391.42	₩2,246,439.40	₩2,498,101.12	₩56,610,100,128,980	₩288,592,264,933,094
Apr 17, 2021	₩2,713,413.91	₩2,788,680.18	₩2,605,906.91	₩2,618,426.98	₩36,123,090,696,868	₩302,454,757,105,417
Apr 16, 2021	₩2,810,214.36	₩2,851,465.47	₩2,585,459.52	₩2,715,608.74	₩40,420,033,576,662	₩313,655,208,067,171
Apr 15, 2021	₩2,719,686.38	₩2,842,025.89	₩2,690,482.47	₩2,813,022.05	₩36,089,598,987,988	₩324,793,027,130,905
Apr 14, 2021	₩2,579,152.06	₩2,735,493.32	₩2,561,499.50	₩2,718,648.54	₩39,924,060,404,528	₩315,400,454,024,883
Apr 13, 2021	₩2,407,728.89	₩2,601,989.76	₩2,406,690.42	₩2,578,972.51	₩33,151,722,906,199	₩298,757,669,686,482
Apr 12, 2021	₩2,422,846.78	₩2,476,090.56	₩2,373,525.70	₩2,407,716.47	₩24,401,777,662,014	₩277,368,116,526,863
Apr 11, 2021	₩2,394,627.10	₩2,431,639.97	₩2,380,736.34	₩2,423,178.43	₩22,075,624,365,052	₩279,194,686,325,506
Apr 10, 2021	₩2,321,964.59	₩2,463,096.44	₩2,312,632.34	₩2,394,386.33	₩28,012,577,437,641	₩276,382,337,622,201
Apr 09, 2021	₩2,332,823.32	₩2,357,261.07	₩2,304,601.16	₩2,323,082.70	₩22,127,350,533,215	₩267,067,525,653,224
Apr 08, 2021	₩2,203,181.41	₩2,335,702.61	₩2,195,169.08	₩2,332,601.46	₩28,321,616,294,013	₩269,644,983,967,025
Apr 07, 2021	₩2,368,661.57	₩2,385,768.23	₩2,176,134.25	₩2,205,356.52	₩40,395,746,313,492	₩254,361,702,591,314
Apr 06, 2021	₩2,373,285.20	₩2,419,158.64	₩2,299,697.72	₩2,369,389.04	₩32,877,185,259,598	₩274,942,037,942,400
Apr 05, 2021	₩2,364,946.23	₩2,404,604.20	₩2,291,558.80	₩2,371,478.38	₩32,638,962,410,836	₩274,700,819,869,552
Apr 04, 2021	₩2,290,832.63	₩2,384,245.63	₩2,267,604.89	₩2,364,790.51	₩29,381,755,751,237	₩272,743,473,031,561
Apr 03, 2021	₩2,421,011.69	₩2,423,346.36	₩2,291,681.24	₩2,291,681.24	₩36,166,133,847,368	₩264,281,307,622,467
Apr 02, 2021	₩2,232,073.48	₩2,431,807.93	₩2,211,125.82	₩2,421,384.17	₩39,361,827,125,700	₩279,026,894,771,646
Apr 01, 2021	₩2,165,197.35	₩2,244,768.75	₩2,158,737.57	₩2,232,462.00	₩34,877,534,026,892	₩257,196,383,500,826
Mar 31, 2021	₩2,092,220.10	₩2,197,510.45	₩2,026,859.19	₩2,164,300.18	₩34,256,753,278,351	₩250,635,770,623,318
Mar 30, 2021	₩2,060,809.08	₩2,111,627.82	₩2,032,612.19	₩2,092,146.91	₩25,498,985,467,641	₩241,014,118,066,239
Mar 29, 2021	₩1,909,364.90	₩2,080,080.76	₩1,906,796.43	₩2,061,056.74	₩25,736,367,911,047	₩236,772,653,523,946
Mar 28, 2021	₩1,937,753.34	₩1,951,502.36	₩1,888,346.72	₩1,909,469.64	₩18,740,140,967,879	₩220,049,480,702,218
Mar 27, 2021	₩1,922,659.65	₩1,956,289.40	₩1,890,239.59	₩1,937,853.76	₩20,436,747,443,631	₩223,293,772,557,655
Mar 26, 2021	₩1,810,898.40	₩1,922,531.77	₩1,808,049.60	₩1,922,440.53	₩25,597,301,470,890	₩222,718,143,887,952
Mar 25, 2021	₩1,808,923.64	₩1,844,263.35	₩1,768,528.83	₩1,811,067.71	₩33,666,686,054,621	₩208,681,241,014,565
Mar 24, 2021	₩1,901,377.97	₩1,973,664.59	₩1,783,642.68	₩1,809,253.15	₩35,385,124,719,604	₩207,972,895,248,701
Mar 23, 2021	₩1,903,954.88	₩1,951,513.64	₩1,876,648.30	₩1,902,111.78	₩24,770,447,356,519	₩217,699,697,699,692
Mar 22, 2021	₩2,019,920.39	₩2,042,969.69	₩1,885,917.36	₩1,904,475.27	₩26,654,947,174,780	₩219,993,046,685,030
Mar 21, 2021	₩2,047,266.58	₩2,059,404.34	₩1,992,524.71	₩2,019,756.42	₩25,952,059,422,600	₩232,563,220,836,952
Mar 20, 2021	₩2,052,819.22	₩2,117,408.82	₩2,046,275.09	₩2,047,298.28	₩25,613,526,771,896	₩235,711,277,090,403
Mar 19, 2021	₩2,007,221.85	₩2,079,685.31	₩1,975,158.99	₩2,052,933.71	₩23,927,299,675,754	₩235,613,958,573,684
Mar 18, 2021	₩2,045,585.22	₩2,074,902.90	₩1,921,705.01	₩2,007,544.41	₩26,102,053,777,839	₩230,253,463,946,420
Mar 17, 2021	₩2,043,222.01	₩2,063,693.02	₩1,980,683.79	₩2,045,911.70	₩27,716,532,578,003	₩237,292,237,390,700
Mar 16, 2021	₩2,029,711.42	₩2,056,588.99	₩1,950,033.30	₩2,043,126.53	₩26,983,165,974,340	₩235,473,663,763,994
Mar 15, 2021	₩2,106,767.59	₩2,145,656.46	₩1,981,215.19	₩2,028,905.77	₩29,821,456,611,516	₩234,258,963,494,250
Mar 14, 2021	₩2,186,451.90	₩2,194,311.93	₩2,096,978.81	₩2,107,310.40	₩21,984,932,192,282	₩242,493,583,799,757
Mar 13, 2021	₩2,014,049.38	₩2,202,114.77	₩1,970,264.41	₩2,187,385.76	₩28,428,944,441,887	₩251,632,352,682,505
Mar 12, 2021	₩2,063,896.98	₩2,079,773.77	₩1,961,578.45	₩2,013,976.75	₩25,351,239,827,761	₩230,322,344,753,648
Mar 11, 2021	₩2,044,262.74	₩2,084,699.47	₩1,965,080.91	₩2,063,499.55	₩27,301,571,942,030	₩238,795,003,288,161
Mar 10, 2021	₩2,122,428.38	₩2,132,705.51	₩2,015,036.22	₩2,045,550.09	₩28,572,783,339,507	₩235,018,681,481,362
Mar 09, 2021	₩2,092,912.73	₩2,121,928.35	₩2,060,632.77	₩2,121,928.35	₩26,756,608,564,967	₩244,965,954,241,771
Mar 08, 2021	₩1,945,132.80	₩2,092,963.04	₩1,893,177.26	₩2,092,433.58	₩31,170,998,505,949	₩237,964,594,840,992
Mar 07, 2021	₩1,867,655.09	₩1,952,685.47	₩1,846,412.91	₩1,943,919.57	₩26,862,964,378,150	₩223,488,444,248,657
Mar 06, 2021	₩1,728,861.31	₩1,883,127.75	₩1,713,932.94	₩1,866,920.75	₩25,662,901,858,306	₩214,590,434,861,741
Mar 05, 2021	₩1,748,090.61	₩1,746,354.84	₩1,638,084.99	₩1,729,879.16	₩23,889,902,438,229	₩199,830,530,884,162
Mar 04, 2021	₩1,776,654.52	₩1,828,339.57	₩1,707,450.85	₩1,748,513.07	₩25,845,068,740,501	₩199,925,410,562,959
Mar 03, 2021	₩1,678,356.87	₩1,853,745.84	₩1,666,009.17	₩1,778,041.62	₩25,516,338,595,817	₩203,761,078,803,011
Mar 02, 2021	₩1,724,410.04	₩1,785,530.16	₩1,644,235.23	₩1,679,659.55	₩24,832,779,584,132	₩189,065,223,901,396
Mar 01, 2021	₩1,594,131.36	₩1,730,156.19	₩1,593,304.61	₩1,725,120.31	₩27,034,167,707,131	₩202,194,508,420,948
Feb 28, 2021	₩1,642,153.21	₩1,651,749.56	₩1,462,862.07	₩1,592,891.47	₩31,088,061,526,936	₩182,960,572,742,052
Feb 27, 2021	₩1,627,607.54	₩1,715,350.74	₩1,612,823.90	₩1,642,279.96	₩23,332,169,663,489	₩188,613,632,022,861
Feb 26, 2021	₩1,655,500.20	₩1,759,344.13	₩1,584,005.35	₩1,626,599.87	₩35,195,743,227,400	₩185,915,736,173,183
Feb 25, 2021	₩1,799,798.65	₩1,856,925.36	₩1,640,281.58	₩1,652,197.90	₩27,108,566,338,004	₩187,623,878,894,836
Feb 24, 2021	₩1,744,730.59	₩1,896,406.47	₩1,676,860.66	₩1,801,107.28	₩34,782,999,099,380	₩207,332,331,696,540
Feb 23, 2021	₩1,982,100.22	₩1,982,100.22	₩1,533,298.77	₩1,743,317.72	₩57,891,480,903,965	₩200,557,874,354,669
Feb 22, 2021	₩2,140,102.97	₩2,141,093.58	₩1,759,449.42	₩1,982,749.96	₩46,891,395,899,986	₩226,154,167,582,952
Feb 21, 2021	₩2,122,129.25	₩2,183,610.07	₩2,090,822.75	₩2,140,150.75	₩26,131,906,837,420	₩245,700,278,695,482
Feb 20, 2021	₩2,167,731.09	₩2,252,214.31	₩2,024,641.10	₩2,123,081.39	₩38,375,264,602,727	₩243,632,034,676,321
Feb 19, 2021	₩2,146,721.21	₩2,179,367.92	₩2,100,415.53	₩2,168,020.61	₩29,085,041,816,708	₩249,022,480,782,086
Feb 18, 2021	₩2,044,298.86	₩2,158,706.43	₩2,044,298.86	₩2,145,159.36	₩31,253,822,005,153	₩245,860,753,755,118
Feb 17, 2021	₩1,972,777.13	₩2,050,703.13	₩1,921,491.06	₩2,044,577.58	₩39,819,244,993,476	₩234,829,473,201,590
Feb 16, 2021	₩1,960,985.11	₩2,004,346.84	₩1,914,207.10	₩1,972,464.14	₩37,776,153,825,309	₩225,192,913,306,647
Feb 15, 2021	₩1,993,035.71	₩2,021,963.25	₩1,858,516.70	₩1,961,916.99	₩43,021,511,847,174	₩225,422,012,827,966
Feb 14, 2021	₩2,003,738.35	₩2,041,045.90	₩1,976,727.55	₩1,993,485.48	₩34,720,415,321,727	₩228,598,086,994,659
Feb 13, 2021	₩2,036,443.66	₩2,066,942.81	₩1,955,410.87	₩2,003,448.50	₩39,049,960,561,708	₩229,713,689,307,872
Feb 12, 2021	₩1,967,564.70	₩2,055,626.73	₩1,925,540.93	₩2,035,942.08	₩41,817,250,024,045	₩233,167,378,201,239
Feb 11, 2021	₩1,930,203.25	₩1,992,442.60	₩1,891,920.28	₩1,967,905.35	₩39,873,970,009,394	₩226,349,758,482,161
Feb 10, 2021	₩1,964,292.16	₩2,020,160.44	₩1,866,291.64	₩1,930,789.10	₩46,568,770,009,934	₩222,114,389,548,301
Feb 09, 2021	₩1,951,981.08	₩2,023,537.91	₩1,909,886.12	₩1,964,286.90	₩49,366,680,456,206	₩226,410,210,246,427
Feb 08, 2021	₩1,803,942.82	₩1,980,174.70	₩1,757,910.28	₩1,951,635.49	₩53,674,485,362,945	₩223,751,549,454,540
Feb 07, 2021	₩1,875,143.73	₩1,889,038.47	₩1,678,581.37	₩1,804,597.43	₩44,586,421,728,812	₩206,733,735,857,317
Feb 06, 2021	₩1,920,068.21	₩1,943,000.96	₩1,843,246.57	₩1,875,413.31	₩44,568,515,929,144	₩214,855,748,431,953
Feb 05, 2021	₩1,786,436.99	₩1,965,219.17	₩1,786,436.99	₩1,921,022.01	₩44,928,415,593,839	₩220,531,044,962,723
Feb 04, 2021	₩1,849,947.55	₩1,883,926.46	₩1,748,322.60	₩1,786,402.67	₩49,442,184,650,928	₩203,417,901,827,074
Feb 03, 2021	₩1,687,756.93	₩1,849,657.26	₩1,681,496.21	₩1,849,657.26	₩46,656,659,009,003	₩211,936,307,626,818
Feb 02, 2021	₩1,530,274.20	₩1,721,176.29	₩1,519,762.60	₩1,688,229.52	₩50,771,105,275,663	₩193,873,475,808,063
Feb 01, 2021	₩1,470,599.52	₩1,535,162.05	₩1,426,605.73	₩1,529,755.03	₩32,670,666,653,065	₩175,317,963,795,047
Jan 31, 2021	₩1,539,881.88	₩1,542,222.15	₩1,441,098.80	₩1,470,745.98	₩28,183,172,886,079	₩168,372,991,406,776
Jan 30, 2021	₩1,545,929.67	₩1,568,485.97	₩1,485,866.78	₩1,539,089.94	₩34,242,495,121,021	₩176,179,006,241,727
Jan 29, 2021	₩1,524,119.39	₩1,591,719.31	₩1,444,492.54	₩1,546,254.99	₩59,682,864,883,370	₩176,156,952,724,326
Jan 28, 2021	₩1,387,030.31	₩1,509,889.74	₩1,365,921.18	₩1,483,380.98	₩38,395,003,868,550	₩169,038,235,140,492
Jan 27, 2021	₩1,497,059.69	₩1,507,851.68	₩1,347,109.08	₩1,389,144.52	₩43,417,762,335,940	₩158,046,942,257,058
Jan 26, 2021	₩1,459,701.13	₩1,515,450.90	₩1,382,182.56	₩1,495,654.27	₩45,842,808,567,866	₩171,216,571,965,521
Jan 25, 2021	₩1,537,496.14	₩1,621,739.31	₩1,438,981.83	₩1,460,443.39	₩48,166,470,953,006	₩167,516,937,525,393
Jan 24, 2021	₩1,361,152.56	₩1,542,439.76	₩1,354,589.47	₩1,538,568.06	₩40,261,736,535,051	₩175,984,894,362,360
Jan 23, 2021	₩1,365,638.07	₩1,406,413.90	₩1,327,635.60	₩1,360,909.39	₩30,130,271,566,247	₩155,654,448,842,789
Jan 22, 2021	₩1,230,775.71	₩1,405,614.83	₩1,153,777.60	₩1,367,013.71	₩48,310,083,554,085	₩155,550,383,217,314
Jan 21, 2021	₩1,517,357.88	₩1,517,357.88	₩1,208,303.96	₩1,233,725.74	₩50,406,286,821,412	₩140,741,196,408,513
Jan 20, 2021	₩1,515,920.99	₩1,546,698.79	₩1,367,827.92	₩1,516,907.59	₩51,569,513,430,638	₩174,208,069,350,965
Jan 19, 2021	₩1,388,346.05	₩1,578,796.78	₩1,382,030.24	₩1,518,177.78	₩52,109,504,002,603	₩173,846,635,248,665
Jan 18, 2021	₩1,358,475.26	₩1,390,569.63	₩1,311,755.00	₩1,388,174.87	₩28,506,865,017,598	₩158,687,588,868,767
Jan 17, 2021	₩1,362,064.14	₩1,397,487.15	₩1,296,830.34	₩1,358,319.56	₩32,308,734,576,291	₩155,261,730,638,688
Jan 16, 2021	₩1,293,577.71	₩1,424,566.02	₩1,278,317.68	₩1,362,157.13	₩35,688,844,135,918	₩155,666,891,034,500
Jan 15, 2021	₩1,339,066.99	₩1,372,165.18	₩1,203,717.26	₩1,294,010.09	₩39,422,105,800,807	₩146,744,573,767,478
Jan 14, 2021	₩1,241,095.64	₩1,365,150.52	₩1,203,579.77	₩1,335,314.40	₩36,688,196,180,485	₩152,867,795,666,096
Jan 13, 2021	₩1,141,612.41	₩1,245,628.44	₩1,088,921.52	₩1,241,653.75	₩32,933,183,880,441	₩141,288,532,888,156
Jan 12, 2021	₩1,194,603.61	₩1,262,985.75	₩1,114,022.24	₩1,141,277.30	₩41,148,450,626,603	₩130,802,646,698,715
Jan 11, 2021	₩1,378,965.99	₩1,378,965.99	₩1,014,785.86	₩1,196,380.04	₩66,382,439,746,203	₩136,089,101,862,581
Jan 10, 2021	₩1,400,004.86	₩1,473,296.73	₩1,305,836.10	₩1,379,647.70	₩44,394,719,461,087	₩157,554,866,657,077
Jan 09, 2021	₩1,337,560.55	₩1,425,144.95	₩1,292,233.39	₩1,400,230.29	₩36,324,116,490,626	₩159,886,368,660,750
Jan 08, 2021	₩1,341,306.96	₩1,392,268.44	₩1,178,307.85	₩1,338,059.72	₩48,505,847,158,956	₩152,918,889,761,535
Jan 07, 2021	₩1,314,328.81	₩1,404,960.00	₩1,270,775.47	₩1,340,989.93	₩44,027,190,279,031	₩152,227,937,532,660
Jan 06, 2021	₩1,197,286.75	₩1,315,797.79	₩1,157,212.87	₩1,313,277.75	₩48,608,876,402,910	₩149,835,468,523,906
Jan 05, 2021	₩1,131,792.73	₩1,226,448.93	₩1,072,264.85	₩1,196,200.52	₩45,136,936,537,169	₩136,429,934,930,757
Jan 04, 2021	₩1,062,294.08	₩1,247,555.00	₩987,371.57	₩1,130,417.21	₩61,913,758,577,615	₩129,065,320,399,185
Jan 03, 2021	₩840,910.77	₩1,094,374.29	₩837,707.63	₩1,060,607.62	₩49,075,499,092,603	₩120,852,590,676,932
Jan 02, 2021	₩793,020.09	₩854,250.69	₩779,673.05	₩840,935.85	₩21,433,147,492,367	₩95,943,367,941,327
Jan 01, 2021	₩800,893.10	₩813,370.10	₩781,500.05	₩792,981.98	₩14,821,298,531,692	₩90,454,772,613,751
Dec 31, 2020	₩818,235.80	₩820,581.04	₩791,044.92	₩800,996.26	₩15,161,044,029,460	₩91,614,787,334,947
Dec 30, 2020	₩799,225.52	₩821,525.36	₩787,080.74	₩818,227.45	₩18,896,484,145,706	₩93,662,635,992,876
Dec 29, 2020	₩800,546.15	₩808,250.73	₩755,761.68	₩799,277.17	₩20,508,779,854,923	₩91,437,029,094,081
Dec 28, 2020	₩751,826.52	₩818,706.90	₩751,826.52	₩800,588.55	₩26,655,463,082,809	₩91,647,446,800,905
Dec 27, 2020	₩699,533.10	₩782,596.94	₩691,225.00	₩751,206.47	₩28,705,256,522,605	₩85,617,880,581,446
Dec 26, 2020	₩689,204.22	₩715,852.12	₩679,197.85	₩699,476.64	₩16,238,566,223,894	₩79,737,851,274,681
Dec 25, 2020	₩673,264.79	₩696,937.32	₩666,511.74	₩689,108.15	₩14,885,285,303,074	₩78,604,834,601,748
Dec 24, 2020	₩645,761.96	₩675,921.91	₩628,595.52	₩673,322.69	₩15,827,900,848,322	₩77,058,286,675,965
Dec 23, 2020	₩704,153.78	₩706,973.99	₩620,233.11	₩645,296.49	₩16,928,111,956,260	₩73,782,162,899,693
Dec 22, 2020	₩672,099.46	₩704,433.32	₩652,383.17	₩704,186.63	₩16,262,504,874,985	₩79,776,594,619,114
Dec 21, 2020	₩701,737.95	₩712,796.04	₩660,534.90	₩672,537.64	₩15,852,209,474,480	₩76,378,928,745,447
Dec 20, 2020	₩724,760.78	₩725,572.89	₩687,115.68	₩701,711.20	₩14,706,485,540,864	₩79,944,362,455,218
Dec 19, 2020	₩719,746.25	₩735,298.76	₩710,941.62	₩724,884.88	₩14,107,311,090,755	₩82,565,546,946,213
Dec 18, 2020	₩702,811.17	₩728,790.04	₩692,275.68	₩719,952.62	₩17,224,161,261,876	₩81,522,740,407,650
Dec 17, 2020	₩695,703.98	₩737,676.52	₩687,873.86	₩702,758.64	₩27,864,648,602,010	₩80,059,200,183,549
Dec 16, 2020	₩641,957.13	₩696,236.22	₩635,822.46	₩695,734.27	₩17,228,305,100,379	₩78,898,394,466,230
Dec 15, 2020	₩640,550.06	₩651,844.15	₩635,825.23	₩641,932.02	₩10,194,473,484,697	₩73,339,892,803,374
Dec 14, 2020	₩643,938.46	₩643,918.36	₩629,967.19	₩640,538.44	₩8,871,981,090,979	₩72,833,375,407,497
Dec 13, 2020	₩620,805.41	₩648,287.39	₩616,390.33	₩643,808.25	₩9,902,993,197,569	₩73,276,614,790,702
Dec 12, 2020	₩595,659.95	₩625,969.14	₩595,296.42	₩620,758.95	₩9,317,987,639,503	₩70,646,715,987,372
Dec 11, 2020	₩608,578.40	₩608,691.99	₩588,206.59	₩595,898.81	₩12,068,522,951,221	₩67,534,602,477,703
Dec 10, 2020	₩623,594.33	₩624,648.39	₩598,064.64	₩608,577.61	₩12,692,074,424,805	₩69,242,137,043,243
Dec 09, 2020	₩602,421.34	₩627,658.56	₩578,340.46	₩623,567.22	₩17,217,130,311,296	₩70,843,784,096,200
Dec 08, 2020	₩642,023.58	₩645,055.48	₩599,893.78	₩602,459.16	₩15,618,234,005,494	₩68,457,788,053,169
Dec 07, 2020	₩652,269.79	₩653,484.62	₩635,023.78	₩641,961.26	₩11,619,607,185,132	₩72,961,748,519,265
Dec 06, 2020	₩646,602.90	₩657,683.56	₩633,426.32	₩652,391.07	₩12,237,860,213,312	₩74,193,849,483,086
Dec 05, 2020	₩617,098.83	₩646,631.94	₩610,334.40	₩646,631.94	₩14,630,088,712,361	₩73,530,103,039,384
Dec 04, 2020	₩673,658.06	₩674,687.12	₩617,029.30	₩617,105.93	₩17,845,860,752,007	₩70,711,270,442,361
Dec 03, 2020	₩658,532.54	₩679,463.34	₩645,444.06	₩673,642.72	₩17,766,945,593,567	₩77,148,531,498,248
Dec 02, 2020	₩649,748.29	₩665,524.04	₩639,843.65	₩658,414.95	₩18,679,733,689,282	₩75,252,917,362,770
Dec 01, 2020	₩682,734.21	₩704,056.50	₩632,896.31	₩649,817.54	₩30,168,922,345,668	₩74,098,015,848,410