date	opening_price	high_price	low_price	trade_price	volume	marketCapitalization
Jan 31, 2022	₩45,871,523.29	₩46,750,938.70	₩44,435,982.53	₩46,552,387.76	₩25,082,453,150,974	₩881,948,067,377,352
Jan 30, 2022	₩46,156,572.91	₩46,295,000.55	₩45,292,514.98	₩45,873,094.96	₩17,715,911,342,905	₩869,037,939,107,130
Jan 29, 2022	₩45,707,485.35	₩46,669,949.52	₩45,254,725.93	₩46,139,949.81	₩20,801,694,625,819	₩874,050,385,919,075
Jan 28, 2022	₩44,695,779.69	₩45,688,245.30	₩43,591,476.81	₩45,485,348.81	₩26,771,438,744,451	₩861,608,494,113,358
Jan 27, 2022	₩44,127,299.87	₩44,494,339.86	₩42,674,909.42	₩44,482,257.02	₩29,993,326,174,907	₩842,564,274,350,231
Jan 26, 2022	₩44,214,265.55	₩46,457,726.99	₩43,525,505.53	₩44,096,531.32	₩37,482,403,208,856	₩835,220,802,291,534
Jan 25, 2022	₩43,863,859.60	₩44,808,949.10	₩42,816,318.41	₩44,221,899.84	₩31,625,931,952,600	₩837,561,102,457,710
Jan 24, 2022	₩43,256,760.22	₩44,415,562.91	₩39,570,114.54	₩43,708,214.82	₩49,911,698,466,166	₩827,790,142,749,680
Jan 23, 2022	₩41,797,481.88	₩43,450,368.67	₩41,484,551.84	₩43,263,717.28	₩31,029,038,118,917	₩819,331,522,599,264
Jan 22, 2022	₩43,496,018.23	₩43,755,075.79	₩40,964,914.59	₩41,777,078.26	₩47,363,376,033,665	₩791,139,841,961,235
Jan 21, 2022	₩48,588,418.15	₩49,019,295.80	₩42,728,884.34	₩43,523,845.75	₩51,349,013,156,607	₩824,183,298,848,024
Jan 20, 2022	₩49,655,719.85	₩51,641,038.37	₩48,381,491.68	₩48,390,527.42	₩24,245,014,539,325	₩916,299,412,686,759
Jan 19, 2022	₩50,531,767.86	₩50,656,104.74	₩49,182,878.98	₩49,780,827.00	₩27,537,060,108,216	₩942,573,177,131,018
Jan 18, 2022	₩50,303,019.22	₩50,641,543.99	₩49,281,653.67	₩50,452,510.84	₩26,689,972,884,522	₩955,236,307,442,776
Jan 17, 2022	₩51,319,155.37	₩51,392,080.07	₩49,607,888.59	₩50,286,573.32	₩25,816,498,569,088	₩952,052,409,923,470
Jan 16, 2022	₩51,385,951.01	₩51,701,094.50	₩50,813,418.50	₩51,316,726.94	₩21,308,150,980,438	₩971,503,899,059,332
Jan 15, 2022	₩51,302,467.03	₩52,043,729.50	₩50,787,245.86	₩51,392,328.30	₩21,866,681,024,802	₩972,876,355,256,262
Jan 14, 2022	₩50,553,428.07	₩51,440,884.56	₩49,822,097.33	₩51,147,775.22	₩27,980,049,376,321	₩968,195,724,428,575
Jan 13, 2022	₩52,156,821.07	₩52,550,466.97	₩50,376,951.74	₩50,548,480.42	₩56,600,737,663,975	₩956,801,199,723,348
Jan 12, 2022	₩50,891,153.72	₩52,549,961.35	₩50,637,315.82	₩52,328,180.79	₩39,886,842,297,401	₩990,430,182,064,147
Jan 11, 2022	₩50,020,075.13	₩51,433,440.17	₩49,527,579.58	₩51,116,112.76	₩31,490,351,545,578	₩967,442,718,583,613
Jan 10, 2022	₩50,193,276.98	₩50,539,698.76	₩47,661,878.91	₩50,086,725.91	₩38,449,242,436,184	₩947,912,224,168,175
Jan 09, 2022	₩49,979,631.67	₩51,092,427.22	₩49,504,719.85	₩50,191,447.98	₩25,501,196,476,775	₩949,848,358,403,564
Jan 08, 2022	₩49,776,297.40	₩50,575,703.57	₩48,711,354.05	₩49,982,865.62	₩33,613,811,409,805	₩945,858,554,929,900
Jan 07, 2022	₩51,973,401.04	₩51,973,401.04	₩49,472,953.04	₩50,051,604.53	₩101,404,911,815,458	₩947,113,999,645,601
Jan 06, 2022	₩52,301,415.91	₩52,521,362.10	₩51,196,969.48	₩51,815,704.19	₩36,265,468,597,403	₩980,449,914,972,356
Jan 05, 2022	₩54,950,231.12	₩56,182,961.67	₩51,237,585.43	₩52,160,354.07	₩44,117,732,482,874	₩986,925,068,390,047
Jan 04, 2022	₩55,543,601.70	₩56,676,615.00	₩54,699,083.89	₩54,872,571.99	₩50,804,257,753,650	₩1,038,190,433,887,610
Jan 03, 2022	₩56,286,036.89	₩56,484,797.58	₩54,493,696.51	₩55,233,366.09	₩39,318,368,374,699	₩1,044,966,570,651,283
Jan 02, 2022	₩56,686,900.05	₩56,925,246.24	₩55,707,274.44	₩56,287,785.82	₩33,231,062,003,202	₩1,064,866,010,162,265
Jan 01, 2022	₩55,059,107.00	₩56,860,933.50	₩55,031,455.35	₩56,693,896.47	₩29,225,841,148,116	₩1,072,493,633,434,876
Dec 31, 2021	₩56,149,594.01	₩57,700,846.42	₩54,543,270.13	₩55,122,381.16	₩44,013,406,223,684	₩1,042,702,844,465,930
Dec 30, 2021	₩55,070,383.66	₩56,716,147.49	₩54,560,680.81	₩55,884,784.29	₩31,611,446,348,569	₩1,057,075,001,283,231
Dec 29, 2021	₩56,539,856.33	₩57,128,562.08	₩54,851,187.62	₩55,139,937.87	₩35,674,944,547,007	₩1,042,944,685,717,225
Dec 28, 2021	₩60,138,611.50	₩60,138,611.50	₩56,263,470.05	₩56,470,710.14	₩39,669,732,163,078	₩1,068,064,028,074,875
Dec 27, 2021	₩60,226,492.89	₩61,594,224.89	₩59,867,120.12	₩60,034,216.49	₩28,836,511,896,174	₩1,135,408,345,818,109
Dec 26, 2021	₩59,859,866.80	₩60,771,123.77	₩58,903,617.16	₩60,311,910.51	₩24,885,129,950,558	₩1,140,607,512,942,043
Dec 25, 2021	₩60,365,805.56	₩60,747,646.29	₩59,631,975.35	₩59,861,249.80	₩22,589,763,248,030	₩1,132,034,957,651,541
Dec 24, 2021	₩60,280,967.54	₩61,476,925.28	₩59,935,038.46	₩60,300,124.67	₩28,912,330,551,708	₩1,140,279,879,966,150
Dec 23, 2021	₩57,830,354.37	₩61,048,542.91	₩57,163,755.31	₩60,397,052.53	₩33,566,103,183,031	₩1,142,054,993,094,963
Dec 22, 2021	₩58,239,047.72	₩58,962,259.31	₩57,660,482.58	₩57,871,805.28	₩29,095,045,572,259	₩1,094,249,816,603,699
Dec 21, 2021	₩55,807,694.65	₩58,682,040.00	₩55,584,750.69	₩58,248,413.34	₩32,204,059,841,019	₩1,101,316,206,482,995
Dec 20, 2021	₩55,480,957.74	₩56,306,101.47	₩54,141,949.40	₩55,686,710.49	₩36,778,076,371,195	₩1,052,828,262,343,947
Dec 19, 2021	₩55,657,241.26	₩57,125,231.39	₩55,240,394.68	₩55,482,795.90	₩29,880,249,040,536	₩1,048,920,288,441,655
Dec 18, 2021	₩54,903,391.32	₩56,203,624.07	₩54,165,933.99	₩55,651,193.43	₩31,001,900,903,392	₩1,052,054,814,119,059
Dec 17, 2021	₩56,498,680.85	₩56,915,023.85	₩54,085,357.84	₩54,777,667.17	₩39,009,760,266,552	₩1,035,497,847,967,452
Dec 16, 2021	₩57,876,168.06	₩58,497,662.55	₩56,254,014.86	₩56,414,439.58	₩32,273,234,095,831	₩1,066,385,904,060,217
Dec 15, 2021	₩57,359,461.73	₩58,656,756.71	₩55,334,693.88	₩57,972,381.87	₩43,324,312,985,983	₩1,095,792,106,996,153
Dec 14, 2021	₩55,317,985.50	₩57,356,832.41	₩54,980,076.19	₩55,202,885.57	₩41,022,177,498,058	₩1,043,381,073,329,281
Dec 13, 2021	₩59,184,005.67	₩59,290,596.80	₩54,200,437.93	₩55,195,564.41	₩37,987,940,502,029	₩1,043,204,777,772,855
Dec 12, 2021	₩58,288,083.68	₩59,906,066.44	₩57,545,232.42	₩59,166,133.80	₩25,910,223,070,518	₩1,118,198,098,295,057
Dec 11, 2021	₩55,819,533.59	₩58,410,149.30	₩55,438,912.78	₩58,297,122.35	₩30,441,301,597,789	₩1,101,723,036,502,716
Dec 10, 2021	₩56,138,712.99	₩58,935,046.23	₩55,409,972.98	₩55,668,745.80	₩36,488,527,686,334	₩1,051,996,950,565,717
Dec 09, 2021	₩59,183,710.83	₩59,590,879.30	₩55,556,759.69	₩55,924,846.72	₩34,728,378,708,644	₩1,056,782,468,012,421
Dec 08, 2021	₩59,626,639.23	₩60,219,435.36	₩57,388,729.14	₩59,434,991.77	₩33,515,445,099,699	₩1,123,052,757,702,512
Dec 07, 2021	₩59,728,456.24	₩61,326,060.06	₩59,249,013.35	₩59,868,094.25	₩39,766,535,929,804	₩1,131,173,216,606,906
Dec 06, 2021	₩58,426,794.02	₩60,219,368.80	₩55,905,379.78	₩59,809,199.61	₩44,585,347,111,340	₩1,130,002,840,140,541
Dec 05, 2021	₩58,273,048.36	₩58,944,151.44	₩56,681,222.86	₩58,471,228.28	₩44,056,619,500,633	₩1,104,661,073,091,842
Dec 04, 2021	₩63,633,955.61	₩63,843,354.80	₩50,779,624.34	₩58,272,084.53	₩72,703,661,752,184	₩1,100,837,936,206,659
Dec 03, 2021	₩66,608,425.01	₩67,755,323.18	₩61,878,720.87	₩63,177,269.71	₩46,900,207,179,584	₩1,193,441,874,103,635
Dec 02, 2021	₩67,417,611.92	₩67,572,983.46	₩65,859,656.01	₩66,546,216.84	₩38,152,402,368,236	₩1,257,014,780,991,486
Dec 01, 2021	₩67,393,335.52	₩69,920,194.51	₩66,973,061.35	₩67,774,502.40	₩43,649,366,961,012	₩1,280,149,335,760,667
Nov 30, 2021	₩68,809,065.28	₩70,335,982.29	₩66,699,664.55	₩67,827,811.21	₩43,677,660,589,922	₩1,281,096,902,524,423
Nov 29, 2021	₩68,504,871.11	₩70,395,269.88	₩67,907,755.05	₩69,120,260.29	₩38,706,345,278,304	₩1,305,451,892,052,365
Nov 28, 2021	₩65,547,607.46	₩68,633,854.11	₩64,069,203.76	₩68,459,996.46	₩33,623,297,380,784	₩1,292,918,788,976,277
Nov 27, 2021	₩64,260,174.28	₩66,164,941.86	₩64,178,765.90	₩65,550,064.44	₩36,545,896,088,612	₩1,237,905,166,410,127
Nov 26, 2021	₩70,186,628.84	₩70,452,322.85	₩63,769,724.46	₩63,769,724.46	₩49,771,731,220,214	₩1,204,229,453,549,325
Nov 25, 2021	₩67,959,748.53	₩70,578,198.64	₩67,937,479.35	₩68,089,642.27	₩40,757,738,402,340	₩1,285,715,811,520,073
Nov 24, 2021	₩68,451,461.01	₩68,733,534.67	₩66,546,966.46	₩66,922,966.56	₩43,563,294,327,957	₩1,263,609,339,206,178
Nov 23, 2021	₩66,921,041.69	₩68,788,214.71	₩66,122,576.04	₩68,423,992.22	₩44,553,926,907,984	₩1,291,941,177,161,653
Nov 22, 2021	₩69,888,472.52	₩70,554,548.73	₩66,284,923.09	₩67,010,448.55	₩41,709,290,487,630	₩1,265,194,124,448,108
Nov 21, 2021	₩71,183,235.57	₩71,509,675.10	₩69,858,525.34	₩69,991,458.23	₩31,132,357,448,898	₩1,321,415,984,148,494
Nov 20, 2021	₩69,258,065.85	₩71,337,413.92	₩68,488,970.86	₩71,143,537.71	₩36,496,161,407,718	₩1,343,108,176,951,366
Nov 19, 2021	₩67,287,013.24	₩69,007,720.25	₩65,878,563.58	₩68,733,897.79	₩45,770,590,807,388	₩1,297,554,192,160,366
Nov 18, 2021	₩71,282,367.92	₩71,977,193.16	₩66,783,716.71	₩67,245,875.53	₩48,877,602,003,504	₩1,269,405,435,822,192
Nov 17, 2021	₩71,200,177.95	₩72,009,964.23	₩69,277,251.67	₩71,470,574.25	₩46,383,873,784,387	₩1,349,093,711,211,672
Nov 16, 2021	₩75,422,282.97	₩75,422,282.97	₩69,853,474.45	₩71,208,623.50	₩55,446,334,984,504	₩1,344,081,425,243,940
Nov 15, 2021	₩77,312,154.10	₩78,209,250.50	₩74,983,931.26	₩74,995,409.98	₩36,057,957,041,763	₩1,415,486,766,588,905
Nov 14, 2021	₩76,053,793.49	₩77,280,710.74	₩75,100,913.10	₩77,247,271.73	₩29,642,687,070,030	₩1,457,915,259,434,724
Nov 13, 2021	₩75,703,056.07	₩76,596,925.99	₩74,694,924.21	₩76,070,498.42	₩35,957,913,874,696	₩1,435,633,330,876,507
Nov 12, 2021	₩76,791,205.44	₩77,497,786.37	₩73,795,908.02	₩75,952,972.41	₩42,720,204,419,019	₩1,433,342,189,568,789
Nov 11, 2021	₩76,989,653.10	₩77,700,705.17	₩76,043,674.42	₩76,955,377.57	₩42,512,845,220,114	₩1,452,192,224,001,305
Nov 10, 2021	₩78,926,574.72	₩81,091,243.58	₩74,511,593.57	₩76,618,296.82	₩57,445,340,341,874	₩1,445,753,702,171,433
Nov 09, 2021	₩81,084,676.10	₩82,261,763.85	₩79,683,034.57	₩80,390,973.29	₩50,845,262,522,184	₩1,516,868,093,147,101
Nov 08, 2021	₩74,853,616.58	₩79,969,985.25	₩74,853,616.58	₩79,843,650.95	₩48,598,087,441,724	₩1,506,467,011,213,648
Nov 07, 2021	₩72,727,140.11	₩74,820,837.54	₩72,582,485.89	₩74,820,837.54	₩29,214,660,207,391	₩1,411,631,124,420,631
Nov 06, 2021	₩72,152,873.98	₩72,769,391.29	₩71,083,507.90	₩72,694,719.74	₩34,375,664,782,818	₩1,371,448,986,899,021
Nov 05, 2021	₩72,850,368.18	₩74,132,168.70	₩72,120,832.50	₩72,453,988.76	₩36,277,092,646,090	₩1,366,835,875,856,154
Nov 04, 2021	₩74,267,610.60	₩74,481,752.04	₩71,740,010.10	₩72,510,001.93	₩38,484,772,627,346	₩1,367,824,543,253,394
Nov 03, 2021	₩74,587,576.81	₩74,897,229.88	₩72,146,584.45	₩74,252,353.73	₩42,597,178,376,709	₩1,400,627,197,648,817
Nov 02, 2021	₩71,728,727.89	₩75,587,401.26	₩71,387,283.09	₩74,391,522.94	₩44,412,332,423,250	₩1,403,173,798,419,616
Nov 01, 2021	₩72,027,585.95	₩73,317,959.50	₩70,118,532.51	₩71,656,360.62	₩42,462,808,316,339	₩1,351,513,698,870,433
